Wiek ;P³eæ K-0 M-1;WIT;CIT (h);Kreatynina 1;Kreatynina 3;Kreatynina 7;Mocznik 1;Mocznik 3;Mocznik 7;GFR MDRD 1;GFR MDRD 3;GFR MDRD 7
59;M;obecny;20;7,3;5,6;3;15,9;20,8;19,2;10,19552049;14,04951379;33,1049257
61;M;brak;21,5;8;6,8;2,4;14,6;22,2;16,3;8,878414319;10,82331313;44,92832223
49;M;brak;21,5;7,2;5,2;2,6;20,4;20,4;11,7;9,550586369;14,31079369;33,53797578
56;M;brak;20;10,1;9;2,7;24,3;24,9;14,1;6,478112846;7,045213874;33,59179624
28;M;brak;22;8,5;9,9;9,6;26;31,4;26,2;9,877066939;7,534604541;8,3323493
58;M;brak;25;7;7,9;5;14,8;17;12,5;11,08476114;9,386022453;16,86185273
38;M;obecny;20;8;2,9;2,9;21,5;16,5;12,6;9,81152434;36,45096498;36,34654962
55;K;brak;25,5;4,9;4,5;2,5;11,6;15,9;13,8;12,77083501;13,8090959;34,69213032
53;K;obecny;22;3,8;2,1;1,7;10,9;10,7;6,7;19,05771614;50,48165529;80,87644631
56;M;brak;19;3,1;1,6;1,4;8,7;9,5;7,2;25,6481038;60,32479891;77,48422479
41;M;brak;21,5;5,2;3,9;2,7;16,6;13,3;12,4;17,26637857;25,39707921;45,67958166
52;M;brak;23;7,4;8,1;9,6;18,5;20,9;32,5;9,692807947;8,747186559;7,473208362
70;M;brak;25;9,8;8,5;6,3;31,8;30,6;20,7;6,515086116;7,685091772;11,04414583
58;M;obecny;29,5;8,9;6,7;4,5;26,2;19,7;29,3;6,704976972;9,791569552;15,72814608
58;M;brak;18;5,6;3,3;1,5;14,7;25,7;10;12,65288084;24,46847517;73,91703303
24;M;obecny;13,5;6,8;7,5;6,9;22,6;28,8;40,1;12,39806219;11,28802886;11,6828989
60;M;brak;20;6,5;4,6;2,2;17,3;20,5;13,1;10,24671354;15,87719667;38,55384947
54;K;brak;19;4,2;2,7;1,4;17,7;17,4;10,7;12,27167043;21,02087822;46,63249512
42;K;obecny;23;10,4;3,5;2,5;23,5;17;11,9;5,553369784;21,13790219;35,91247247
57;K;brak;31;7,4;10;5,5;14;23,2;21;6,464549417;4,775042796;9,526703532
51;K;obecny;15;3,2;2,4;0,6;14,4;7,3;3,5;16,36446094;23,67153593;113,5103066
38;K;obecny;16;5;2,2;2,2;12,2;10,7;8,9;12,30204318;36,9790609;36,94151448
42;K;brak;18;2,2;1,1;1,1;10,5;7,3;6,8;31,37623176;84,78723372;84,83025926
53;K;brak;25;3,8;2,1;1,3;10,3;7,4;8,7;14,66607251;32,30843166;62,81727361
